ZoneId,MinLat,MinLng,MaxLat,MaxLng,Name
1,34.56,32.3,34.75,32.49,Zone 1
2,34.56,32.49,34.75,32.68,Zone 2
3,34.56,32.68,34.75,32.87,Zone 3
4,34.56,32.87,34.75,33.06,Zone 4
5,34.56,33.06,34.75,33.25,Zone 5
6,34.56,33.25,34.75,33.44,Zone 6
7,34.75,32.3,34.94,32.49,Zone 7
8,34.75,32.49,34.94,32.68,Zone 8
9,34.75,32.68,34.94,32.87,Zone 9
10,34.75,32.87,34.94,33.06,Zone 10
11,34.75,33.06,34.94,33.25,Zone 11
12,34.75,33.25,34.94,33.44,Zone 12
13,34.75,33.44,34.94,33.63,Zone 13
14,34.75,33.63,34.94,33.82,Zone 14
15,34.94,32.3,35.13,32.49,Zone 15
16,34.94,32.49,35.13,32.68,Zone 16
17,34.94,32.68,35.13,32.87,Zone 17
18,34.94,32.87,35.13,33.06,Zone 18
19,34.94,33.06,35.13,33.25,Zone 19
20,34.94,33.25,35.13,33.44,Zone 20
21,34.94,33.44,35.13,33.63,Zone 21
22,34.94,33.63,35.13,33.82,Zone 22
23,34.94,33.82,35.13,34.01,Zone 23
24,34.94,34.01,35.13,34.2,Zone 24
25,35.13,32.49,35.32,32.68,Zone 25
26,35.13,32.68,35.32,32.87,Zone 26
27,35.13,32.87,35.32,33.06,Zone 27
28,35.13,33.06,35.32,33.25,Zone 28
29,35.13,33.25,35.32,33.44,Zone 29
