BridgeId,PointId,FromZoneId,ToZoneId,Name
1,20,20,21,Bridge 1
2,27,21,22,Bridge 2
3,36,22,23,Bridge 3
4,37,22,40,Bridge 4
5,45,23,24,Bridge 5
6,46,23,41,Bridge 6
7,54,24,25,Bridge 7
8,63,25,26,Bridge 8
9,72,26,27,Bridge 9
10,80,27,28,Bridge 10
11,97,37,38,Bridge 11
12,104,38,39,Bridge 12
13,105,38,56,Bridge 13
14,113,39,40,Bridge 14
15,114,39,57,Bridge 15
16,123,40,41,Bridge 16
17,124,40,58,Bridge 17
18,133,41,42,Bridge 18
19,134,41,59,Bridge 19
20,143,42,43,Bridge 20
21,144,42,60,Bridge 21
22,152,43,44,Bridge 22
23,153,43,61,Bridge 23
24,161,44,45,Bridge 24
25,162,44,62,Bridge 25
26,171,45,46,Bridge 26
27,172,45,63,Bridge 27
28,181,46,47,Bridge 28
29,182,46,64,Bridge 29
30,190,47,48,Bridge 30
31,191,47,65,Bridge 31
32,200,48,49,Bridge 32
33,215,55,56,Bridge 33
34,223,56,57,Bridge 34
35,224,56,74,Bridge 35
36,232,57,58,Bridge 36
37,233,57,75,Bridge 37
38,241,58,59,Bridge 38
39,242,58,76,Bridge 39
40,250,59,60,Bridge 40
41,251,59,77,Bridge 41
42,260,60,61,Bridge 42
43,261,60,78,Bridge 43
44,269,61,62,Bridge 44
45,270,61,79,Bridge 45
46,278,62,63,Bridge 46
47,279,62,80,Bridge 47
48,288,63,64,Bridge 48
49,289,63,81,Bridge 49
50,297,64,65,Bridge 50
51,298,64,82,Bridge 51
52,307,65,66,Bridge 52
53,308,65,83,Bridge 53
54,317,66,67,Bridge 54
55,318,66,84,Bridge 55
56,326,67,68,Bridge 56
57,327,67,85,Bridge 57
58,341,73,74,Bridge 58
59,342,73,91,Bridge 59
60,349,74,75,Bridge 60
61,350,74,92,Bridge 61
62,358,75,76,Bridge 62
63,359,75,93,Bridge 63
64,367,76,77,Bridge 64
65,368,76,94,Bridge 65
66,377,77,78,Bridge 66
67,378,77,95,Bridge 67
68,386,78,79,Bridge 68
69,387,78,96,Bridge 69
70,396,79,80,Bridge 70
71,397,79,97,Bridge 71
72,406,80,81,Bridge 72
73,407,80,98,Bridge 73
74,416,81,82,Bridge 74
75,417,81,99,Bridge 75
76,425,82,83,Bridge 76
77,426,82,100,Bridge 77
78,435,83,84,Bridge 78
79,436,83,101,Bridge 79
80,444,84,85,Bridge 80
81,445,84,102,Bridge 81
82,453,85,86,Bridge 82
83,454,85,103,Bridge 83
84,461,86,104,Bridge 84
85,474,88,89,Bridge 85
86,481,89,90,Bridge 86
87,502,93,94,Bridge 87
88,510,94,95,Bridge 88
89,533,97,98,Bridge 89
90,541,98,99,Bridge 90
91,550,99,100,Bridge 91
92,559,100,101,Bridge 92
93,567,101,102,Bridge 93
